0 34 73
0 27 104
0 40 80
0 31 68
0 17 106
0 30 73
0 37 69
0 12 106
0 58 63
0 28 85
0 7 81
0 21 98
0 30 141
0 12 78
0 31 154
0 32 85
0 35 65
0 37 9
5 13 106
5 34 73
5 40 80
5 13 79
5 20 105
5 21 95
5 29 105
5 30 73
5 9 81
5 33 145
5 17 106
5 37 69
5 31 68
5 32 85
5 28 86
5 58 60
5 35 64
5 38 6
5 7 57
10 30 107
10 40 80
10 34 73
10 18 107
10 21 106
10 35 149
10 14 107
10 30 73
10 9 80
10 22 92
10 32 85
10 9 55
10 37 69
10 31 68
10 35 65
10 14 80
10 58 57
10 7 67
10 29 85
15 40 80
15 34 73
15 22 106
15 14 107
15 29 85
15 30 73
15 37 69
15 31 108
15 9 81
15 11 66
15 11 52
15 14 82
15 57 55
15 22 89
15 37 153
15 31 68
15 19 108
15 32 85
15 35 65
20 14 107
20 40 80
20 19 108
20 29 85
20 32 109
20 56 55
20 15 82
20 23 87
20 34 73
20 30 73
20 10 81
20 31 68
20 37 69
20 22 107
20 39 157
20 13 66
20 14 49
20 35 64
20 32 85
25 23 85
25 40 80
25 34 73
25 29 85
25 30 73
25 16 83
25 11 82
25 31 68
25 19 109
25 14 107
25 56 55
25 16 66
25 23 107
25 32 109
25 15 47
25 37 69
25 32 85
25 35 64
25 41 161
25 39 169
30 40 80
30 34 73
30 19 109
30 23 107
30 16 84
30 12 82
30 23 83
30 30 73
30 18 44
30 56 56
30 31 68
30 29 85
30 32 85
30 37 69
30 18 66
30 15 106
30 30 110
30 34 64
35 29 111
35 34 73
35 15 106
35 40 80
35 19 109
35 19 41
35 17 84
35 31 68
35 30 73
35 32 85
35 23 106
35 22 81
35 56 58
35 28 85
35 20 65
35 37 69
35 13 82
35 34 64
35 60 117
40 40 80
40 34 73
40 19 109
40 27 111
40 21 64
40 21 38
40 31 68
40 30 73
40 32 85
40 22 79
40 16 106
40 37 69
40 17 84
40 29 85
40 14 83
40 58 59
40 22 106
40 35 64
40 60 116
45 40 80
45 34 73
45 31 68
45 25 110
45 15 84
45 29 85
45 22 34
45 22 77
45 16 105
45 30 73
45 22 64
45 19 109
45 18 85
45 22 105
45 58 60
45 37 69
45 32 85
45 34 64
50 31 68
50 34 73
50 40 80
50 21 75
50 29 85
50 16 105
50 19 86
50 18 109
50 16 86
50 30 73
50 24 31
50 24 63
50 37 69
50 22 105
50 58 60
50 35 64
50 24 109
50 32 85
55 31 68
55 26 27
55 34 73
55 40 80
55 29 85
55 16 105
55 35 64
55 18 109
55 24 64
55 24 109
55 29 73
55 17 88
55 20 86
55 58 60
55 23 105
55 37 69
55 20 74
55 32 85
60 31 68
60 34 73
60 29 85
60 20 72
60 40 80
60 24 64
60 16 105
60 29 73
60 18 109
60 24 109
60 7 67
60 37 69
60 58 60
60 27 24
60 35 64
60 18 89
60 23 105
60 22 88
60 32 85
60 60 117
65 29 85
65 40 80
65 24 65
65 8 67
65 31 68
65 28 20
65 19 91
65 16 105
65 18 109
65 24 109
65 34 73
65 20 70
65 34 64
65 29 73
65 58 61
65 37 69
65 32 85
65 24 90
65 23 105
70 29 85
70 10 66
70 40 80
70 31 68
70 21 94
70 33 64
70 58 64
70 29 16
70 16 105
70 25 92
70 18 109
70 34 73
70 23 65
70 30 73
70 20 68
70 37 68
70 32 85
70 24 109
70 23 105
75 40 80
75 29 85
75 31 68
75 11 65
75 23 95
75 16 105
75 34 73
75 59 66
75 26 93
75 18 109
75 23 66
75 30 73
75 37 68
75 23 109
75 20 67
75 32 85
75 33 64
75 23 105
75 7 58
75 30 12
80 40 80
80 29 85
80 34 73
80 31 68
80 16 105
80 24 66
80 30 73
80 25 96
80 13 64
80 59 70
80 18 109
80 28 94
80 33 63
80 37 68
80 8 57
80 20 65
80 23 109
80 23 105
80 32 85
80 31 9
80 61 110
85 40 80
85 24 66
85 29 85
85 20 64
85 14 64
85 34 73
85 16 105
85 28 97
85 30 73
85 31 68
85 18 109
85 34 64
85 23 109
85 37 69
85 59 72
85 9 55
85 23 105
85 31 95
85 32 85
90 40 80
90 10 53
90 34 73
90 35 64
90 16 64
90 31 97
90 29 85
90 24 66
90 16 105
90 59 77
90 33 93
90 30 73
90 31 68
90 18 109
90 21 63
90 9 60
90 37 69
90 23 105
90 23 109
90 32 86
90 57 103
90 60 107
95 35 96
95 7 105
95 34 73
95 29 85
95 40 80
95 16 105
95 59 79
95 24 66
95 35 64
95 35 91
95 17 64
95 11 51
95 30 73
95 31 68
95 18 109
95 37 69
95 10 59
95 22 61
95 56 101
95 22 105
95 32 85
95 23 109
100 19 63
100 38 94
100 12 50
100 40 80
100 34 73
100 31 68
100 29 85
100 16 105
100 23 61
100 9 107
100 29 73
100 59 83
100 24 67
100 11 58
100 18 110
100 37 68
100 34 64
100 38 89
100 32 85
100 55 98
100 23 108
100 59 99
100 22 105
105 29 85
105 13 49
105 9 94
105 40 81
105 40 87
105 13 56
105 41 91
105 11 109
105 31 67
105 30 73
105 34 64
105 22 68
105 21 63
105 7 111
105 16 105
105 59 97
105 24 59
105 34 73
105 55 95
105 18 110
105 32 85
105 60 87
105 23 108
105 37 68
105 64 32
110 19 110
110 16 105
110 14 48
110 31 68
110 26 58
110 29 85
110 54 92
110 14 55
110 34 64
110 43 88
110 9 112
110 33 74
110 12 110
110 42 84
110 11 94
110 37 68
110 61 90
110 30 73
110 39 80
110 21 68
110 23 62
110 32 85
110 64 32
110 58 94
110 23 108
115 63 33
115 11 115
115 16 105
115 15 52
115 14 113
115 29 85
115 24 61
115 34 65
115 19 110
115 15 47
115 31 68
115 28 57
115 40 80
115 57 91
115 37 68
115 19 69
115 14 94
115 44 81
115 7 91
115 33 73
115 45 86
115 54 89
115 8 58
115 32 85
115 23 108
115 23 105
115 30 73
115 62 92
120 18 94
120 29 85
120 34 65
120 10 91
120 54 86
120 40 80
120 17 70
120 31 68
120 10 54
120 16 45
120 16 105
120 45 78
120 29 73
120 27 60
120 30 57
120 62 34
120 13 118
120 19 110
120 57 88
120 16 115
120 37 68
120 48 82
120 16 49
120 32 85
120 33 74
120 23 108
120 23 106
120 63 96
125 16 105
125 29 85
125 34 64
125 40 80
125 21 94
125 13 92
125 16 71
125 62 34
125 57 85
125 31 68
125 28 60
125 19 110
125 37 68
125 15 120
125 12 51
125 32 56
125 46 74
125 29 73
125 54 84
125 49 78
125 17 117
125 17 44
125 34 73
125 18 47
125 23 109
125 32 86
125 23 105
125 7 51
130 16 105
130 40 80
130 15 72
130 31 68
130 50 75
130 25 94
130 7 44
130 16 92
130 61 35
130 34 64
130 29 86
130 34 73
130 30 60
130 29 73
130 19 110
130 17 41
130 32 85
130 18 45
130 13 47
130 57 82
130 46 70
130 19 120
130 17 123
130 9 49
130 37 68
130 54 81
130 34 56
130 23 105
130 23 108
135 16 105
135 40 80
135 14 73
135 31 68
135 19 110
135 58 79
135 28 95
135 51 71
135 61 35
135 54 78
135 19 42
135 32 60
135 21 123
135 30 73
135 8 41
135 34 73
135 18 124
135 36 56
135 28 86
135 19 93
135 37 68
135 32 85
135 34 64
135 14 44
135 10 46
135 7 108
135 18 38
135 47 67
135 23 105
135 23 108
140 31 68
140 19 110
140 58 77
140 40 80
140 61 35
140 31 95
140 37 68
140 34 73
140 16 105
140 38 56
140 34 60
140 9 111
140 22 125
140 23 94
140 20 39
140 30 73
140 28 86
140 14 74
140 18 35
140 11 43
140 51 67
140 14 41
140 9 38
140 34 64
140 20 127
140 32 86
140 55 76
140 23 105
140 48 64
140 23 108
145 31 68
145 40 80
145 34 73
145 16 105
145 61 35
145 26 94
145 30 73
145 24 128
145 34 95
145 21 37
145 14 74
145 59 73
145 34 64
145 37 68
145 49 60
145 55 72
145 10 34
145 40 56
145 35 60
145 15 37
145 20 111
145 32 85
145 28 86
145 9 117
145 19 33
145 11 40
145 22 130
145 8 109
145 11 113
145 23 105
145 52 63
145 23 108
150 40 80
150 31 68
150 20 111
150 8 72
150 34 73
150 50 57
150 29 85
150 14 74
150 16 105
150 29 93
150 30 73
150 10 30
150 34 65
150 37 95
150 43 57
150 23 105
150 55 70
150 19 31
150 16 35
150 61 35
150 59 71
150 25 130
150 37 68
150 22 33
150 53 60
150 11 120
150 13 116
150 12 36
150 37 61
150 23 133
150 32 86
150 23 108
150 9 113
155 31 68
155 51 53
155 32 93
155 11 72
155 34 73
155 45 57
155 40 80
155 14 74
155 16 105
155 29 85
155 56 67
155 34 64
155 29 73
155 28 133
155 61 35
155 19 110
155 23 105
155 12 33
155 54 57
155 40 95
155 25 135
155 39 61
155 37 69
155 21 27
155 15 118
155 23 31
155 11 27
155 12 123
155 32 85
155 16 32
155 12 116
155 59 69
155 23 109
160 31 68
160 40 80
160 34 73
160 19 110
160 61 35
160 52 50
160 56 53
160 29 86
160 16 105
160 34 64
160 12 72
160 29 73
160 59 66
160 47 58
160 44 95
160 26 137
160 30 136
160 23 105
160 40 61
160 36 93
160 17 120
160 23 28
160 37 68
160 13 29
160 21 25
160 56 64
160 15 73
160 14 124
160 18 28
160 23 109
160 12 24
160 32 86
160 12 118
165 31 68
165 40 80
165 56 49
165 29 85
165 31 138
165 52 46
165 49 58
165 19 110
165 39 93
165 34 73
165 29 73
165 34 64
165 28 140
165 16 105
165 47 95
165 42 62
165 23 109
165 24 26
165 61 35
165 14 70
165 56 61
165 37 68
165 59 64
165 16 126
165 32 85
165 14 25
165 23 105
165 18 24
165 22 22
165 13 123
165 18 123
165 13 21
170 29 85
170 40 80
170 31 68
170 30 143
170 19 110
170 43 62
170 50 96
170 33 141
170 53 43
170 34 64
170 16 67
170 42 92
170 56 59
170 61 35
170 34 73
170 50 58
170 16 105
170 17 129
170 29 73
170 56 46
170 7 107
170 25 23
170 23 109
170 37 69
170 59 61
170 18 69
170 23 105
170 32 85
170 23 19
170 14 127
170 19 21
170 20 125
170 15 20
175 40 80
175 29 85
175 19 110
175 44 62
175 30 73
175 34 73
175 31 68
175 31 146
175 45 93
175 16 105
175 34 64
175 53 96
175 56 42
175 61 35
175 52 59
175 59 59
175 37 68
175 8 110
175 34 144
175 56 56
175 18 64
175 23 109
175 53 39
175 23 105
175 20 66
175 25 20
175 32 85
175 19 132
175 15 130
175 20 17
175 21 129
180 31 68
180 40 80
180 10 113
180 19 110
180 29 85
180 45 63
180 34 73
180 33 148
180 54 60
180 61 35
180 30 73
180 34 64
180 36 147
180 22 131
180 48 93
180 56 97
180 22 63
180 37 68
180 16 105
180 57 38
180 23 109
180 59 56
180 32 85
180 20 134
180 53 36
180 16 133
180 25 16
180 19 61
180 23 105
180 56 54
185 31 68
185 40 80
185 34 73
185 29 85
185 12 116
185 61 35
185 38 149
185 34 64
185 19 110
185 24 59
185 30 73
185 21 57
185 54 32
185 51 93
185 8 116
185 58 52
185 57 34
185 45 63
185 35 151
185 37 69
185 59 98
185 56 61
185 17 137
185 26 14
185 16 105
185 24 135
185 23 108
185 21 137
185 32 85
185 23 105
190 31 68
190 40 80
190 26 56
190 34 73
190 29 85
190 19 110
190 46 63
190 16 105
190 34 64
190 29 73
190 58 62
190 61 35
190 58 50
190 14 119
190 37 69
190 9 119
190 55 48
190 23 54
190 54 94
190 19 140
190 58 29
190 36 154
190 55 28
190 32 85
190 39 152
190 23 105
190 24 137
190 23 109
190 27 12
190 60 98
195 34 73
195 40 80
195 31 68
195 19 110
195 16 121
195 29 85
195 27 53
195 46 63
195 24 51
195 34 64
195 11 123
195 30 73
195 37 69
195 61 35
195 58 47
195 59 27
195 16 105
195 55 46
195 57 94
195 38 157
195 41 155
195 33 85
195 59 62
195 26 141
195 23 105
195 29 10
195 23 109
195 56 25
