0 17 106
0 31 68
0 28 85
0 31 141
0 34 64
0 29 73
0 7 81
0 58 63
0 34 73
0 37 68
0 40 80
0 21 98
0 33 86
0 27 104
0 12 107
0 11 78
0 66 48
5 34 146
5 31 68
5 29 73
5 34 64
5 57 59
5 7 57
5 37 68
5 29 105
5 34 73
5 40 80
5 8 80
5 13 106
5 32 85
5 13 79
5 28 85
5 17 106
5 21 95
5 66 48
10 29 73
10 9 55
10 22 92
10 35 149
10 34 64
10 31 68
10 9 81
10 30 107
10 18 108
10 14 107
10 37 68
10 32 85
10 34 73
10 14 80
10 40 80
10 7 67
10 57 56
10 28 85
10 21 106
10 65 48
15 10 66
15 29 73
15 28 85
15 22 89
15 9 81
15 34 64
15 37 153
15 14 107
15 22 107
15 37 68
15 32 85
15 34 73
15 57 55
15 31 109
15 40 80
15 18 108
15 14 81
15 31 68
15 11 53
15 65 48
20 29 73
20 10 81
20 28 85
20 39 157
20 14 107
20 13 66
20 33 109
20 22 87
20 14 50
20 19 109
20 32 85
20 34 73
20 40 80
20 15 82
20 56 55
20 37 68
20 22 107
20 31 68
20 34 64
20 65 48
25 31 68
25 16 83
25 28 85
25 29 73
25 22 108
25 22 85
25 19 109
25 14 107
25 11 81
25 32 85
25 16 66
25 34 73
25 56 55
25 40 80
25 15 47
25 37 69
25 32 109
25 34 64
25 65 48
30 29 73
30 19 109
30 18 66
30 16 83
30 12 81
30 32 68
30 23 83
30 14 106
30 32 85
30 31 111
30 34 73
30 18 44
30 40 80
30 34 64
30 28 86
30 23 108
30 56 56
30 37 68
30 65 48
35 29 73
35 33 68
35 56 57
35 28 86
35 12 83
35 29 111
35 17 83
35 40 80
35 19 41
35 34 73
35 32 85
35 34 64
35 23 107
35 19 109
35 19 65
35 22 81
35 15 106
35 37 68
35 65 47
40 22 79
40 13 83
40 27 111
40 21 38
40 19 109
40 22 106
40 28 86
40 21 64
40 34 73
40 34 64
40 57 59
40 32 85
40 17 85
40 40 80
40 37 69
40 29 73
40 15 106
40 32 68
40 65 47
45 14 84
45 16 105
45 18 85
45 19 109
45 22 106
45 28 86
45 21 77
45 22 34
45 34 73
45 32 85
45 34 64
45 25 110
45 37 69
45 58 59
45 31 68
45 29 73
45 22 64
45 40 80
45 65 47
50 57 59
50 32 86
50 40 80
50 16 86
50 16 105
50 30 73
50 23 105
50 35 65
50 34 73
50 29 85
50 31 68
50 19 86
50 21 75
50 24 63
50 24 109
50 37 68
50 19 109
50 24 31
55 24 64
55 32 85
55 17 88
55 29 73
55 22 106
55 16 105
55 37 69
55 40 80
55 34 73
55 31 68
55 24 109
55 35 64
55 57 59
55 18 109
55 20 87
55 21 73
55 29 85
55 26 27
60 29 73
60 23 105
60 21 88
60 31 68
60 40 80
60 19 110
60 34 73
60 32 85
60 24 109
60 19 71
60 37 69
60 24 64
60 29 85
60 58 59
60 35 64
60 16 105
60 18 90
60 27 24
65 24 109
65 19 92
65 29 73
65 16 105
65 22 106
65 34 64
65 18 110
65 34 73
65 39 80
65 37 69
65 32 85
65 24 65
65 29 86
65 9 66
65 23 90
65 19 70
65 58 60
65 31 68
65 28 20
70 24 109
70 58 63
70 18 110
70 29 73
70 33 64
70 10 66
70 22 106
70 32 85
70 16 105
70 37 69
70 39 80
70 24 92
70 34 73
70 23 65
70 31 68
70 20 69
70 29 86
70 21 94
70 29 17
75 31 68
75 18 111
75 16 105
75 33 64
75 39 80
75 32 85
75 7 59
75 37 69
75 28 86
75 58 66
75 19 67
75 11 66
75 23 109
75 22 106
75 23 96
75 34 73
75 26 92
75 23 66
75 30 73
75 30 9
80 23 106
80 20 65
80 22 109
80 40 80
80 8 56
80 33 64
80 31 68
80 24 66
80 37 69
80 13 65
80 29 86
80 18 110
80 58 69
80 16 105
80 28 94
80 34 73
80 25 96
80 32 85
80 30 73
80 31 11
85 34 74
85 40 80
85 32 85
85 16 105
85 30 94
85 20 64
85 34 64
85 31 68
85 29 86
85 18 110
85 37 69
85 23 109
85 24 66
85 14 64
85 30 73
85 22 106
85 29 98
85 58 72
85 9 54
90 16 65
90 40 80
90 10 53
90 21 63
90 37 68
90 33 93
90 34 73
90 32 97
90 31 68
90 22 110
90 28 86
90 24 67
90 8 60
90 59 75
90 30 73
90 35 64
90 15 105
90 18 110
90 23 106
90 32 85
95 10 59
95 11 52
95 40 80
95 18 64
95 34 73
95 36 91
95 31 68
95 59 80
95 22 109
95 24 67
95 35 64
95 30 73
95 18 110
95 22 62
95 36 68
95 16 105
95 35 96
95 32 85
95 29 86
95 23 106
100 59 83
100 56 98
100 23 60
100 34 73
100 38 89
100 19 63
100 31 68
100 34 65
100 30 73
100 38 94
100 40 81
100 37 68
100 32 85
100 59 99
100 8 107
100 12 50
100 19 110
100 11 58
100 22 109
100 28 86
100 24 67
100 22 106
100 16 106
105 37 68
105 59 86
105 34 65
105 13 57
105 24 60
105 34 73
105 59 97
105 31 68
105 7 110
105 29 73
105 19 110
105 39 81
105 22 105
105 16 105
105 21 62
105 40 86
105 55 95
105 22 109
105 22 67
105 32 85
105 13 49
105 29 86
105 11 109
105 9 93
105 41 91
105 64 32
110 40 81
110 43 88
110 29 86
110 14 54
110 9 113
110 58 93
110 14 48
110 12 94
110 61 89
110 19 110
110 16 105
110 32 85
110 33 65
110 22 105
110 26 58
110 22 62
110 42 84
110 31 68
110 30 73
110 22 109
110 54 92
110 12 111
110 21 68
110 63 32
115 33 73
115 22 109
115 15 46
115 22 106
115 16 105
115 44 81
115 62 93
115 14 113
115 7 91
115 19 110
115 28 56
115 32 85
115 40 81
115 29 73
115 18 69
115 24 61
115 8 58
115 54 89
115 11 115
115 57 90
115 29 86
115 34 64
115 31 68
115 15 52
115 15 93
115 45 85
115 37 69
115 63 32
120 32 85
120 63 95
120 33 73
120 30 57
120 47 82
120 22 106
120 30 73
120 54 87
120 34 65
120 39 80
120 16 115
120 16 105
120 57 87
120 13 117
120 16 45
120 16 49
120 29 86
120 27 61
120 10 91
120 45 78
120 18 94
120 23 109
120 37 69
120 20 110
120 17 70
120 31 68
120 10 54
120 62 34
125 13 91
125 16 105
125 32 85
125 54 84
125 34 65
125 22 105
125 30 73
125 29 60
125 46 74
125 19 110
125 32 56
125 12 50
125 15 120
125 40 81
125 34 73
125 22 108
125 57 85
125 49 78
125 16 72
125 18 47
125 7 52
125 29 86
125 37 68
125 21 94
125 16 43
125 18 119
125 62 34
130 54 81
130 34 73
130 22 105
130 50 74
130 16 92
130 19 110
130 32 68
130 22 109
130 30 73
130 7 44
130 37 69
130 13 48
130 40 81
130 17 40
130 19 120
130 19 44
130 58 82
130 16 105
130 46 71
130 25 95
130 34 65
130 32 85
130 9 48
130 17 122
130 34 56
130 30 60
130 15 72
130 29 86
130 65 47
130 61 34
135 8 108
135 17 38
135 14 73
135 51 70
135 28 95
135 17 105
135 34 73
135 36 56
135 37 69
135 21 123
135 22 109
135 30 73
135 47 67
135 29 86
135 34 65
135 40 81
135 54 77
135 58 79
135 20 110
135 32 60
135 23 106
135 31 68
135 18 125
135 11 45
135 19 41
135 19 93
135 32 85
135 13 44
135 8 40
135 62 34
140 49 64
140 58 76
140 14 73
140 34 65
140 55 75
140 20 127
140 7 113
140 23 94
140 30 73
140 23 105
140 37 69
140 22 109
140 33 60
140 19 110
140 22 126
140 40 81
140 18 36
140 32 95
140 29 87
140 51 67
140 21 39
140 9 111
140 16 105
140 11 42
140 38 56
140 32 85
140 31 68
140 14 40
140 8 37
140 61 35
145 16 105
145 21 36
145 9 116
145 49 60
145 29 86
145 34 65
145 55 73
145 31 68
145 30 73
145 37 69
145 22 109
145 11 114
145 34 96
145 32 85
145 40 81
145 14 74
145 33 72
145 24 128
145 26 94
145 40 56
145 23 106
145 19 111
145 14 38
145 58 74
145 35 60
145 22 129
145 52 63
145 12 39
145 9 34
145 18 33
145 61 34
150 31 68
150 40 80
150 13 117
150 8 73
150 29 93
150 29 85
150 29 73
150 53 60
150 16 104
150 20 111
150 34 65
150 22 34
150 37 69
150 23 105
150 10 114
150 34 73
150 42 56
150 23 109
150 24 132
150 37 61
150 38 95
150 26 131
150 55 69
150 14 74
150 50 57
150 32 85
150 11 119
150 59 72
150 15 35
150 12 35
150 19 30
150 61 34
155 40 80
155 34 65
155 33 93
155 29 85
155 28 134
155 11 73
155 23 105
155 56 67
155 14 74
155 12 123
155 59 69
155 31 68
155 37 69
155 54 56
155 39 61
155 45 57
155 34 73
155 51 54
155 41 96
155 16 105
155 25 135
155 29 73
155 23 109
155 32 85
155 11 116
155 15 118
155 20 28
155 23 31
155 19 35
155 12 32
155 61 34
160 32 85
160 40 80
160 14 126
160 29 85
160 23 105
160 47 57
160 26 138
160 13 71
160 31 68
160 30 136
160 34 65
160 59 66
160 19 111
160 55 53
160 40 61
160 56 64
160 34 73
160 22 109
160 52 50
160 13 121
160 37 69
160 36 93
160 16 105
160 29 73
160 15 73
160 44 95
160 17 121
160 17 28
160 24 28
160 21 25
160 13 28
160 61 34
165 32 85
165 40 80
165 28 140
165 59 64
165 39 93
165 29 85
165 18 123
165 23 105
165 17 105
165 31 68
165 34 65
165 31 138
165 41 61
165 56 62
165 36 68
165 34 73
165 22 109
165 16 126
165 47 95
165 14 70
165 49 57
165 12 124
165 29 73
165 15 71
165 19 110
165 22 22
165 24 26
165 52 46
165 56 48
165 61 34
170 19 111
170 40 80
170 56 59
170 14 127
170 42 93
170 17 105
170 31 68
170 34 65
170 30 143
170 32 85
170 32 141
170 34 73
170 22 109
170 23 105
170 43 62
170 16 68
170 29 73
170 50 96
170 17 128
170 50 58
170 36 69
170 18 69
170 29 85
170 22 20
170 24 23
170 53 43
170 61 34
170 56 44
175 40 80
175 52 59
175 45 92
175 56 57
175 17 105
175 37 69
175 15 130
175 31 68
175 31 145
175 34 65
175 17 65
175 53 96
175 32 85
175 19 109
175 34 73
175 22 109
175 34 143
175 23 105
175 20 67
175 29 73
175 9 110
175 43 62
175 29 85
175 21 129
175 59 57
175 25 20
175 53 38
175 56 41
175 61 34
180 20 62
180 16 134
180 32 85
180 17 105
180 33 148
180 56 97
180 40 80
180 31 68
180 34 65
180 19 110
180 44 62
180 10 113
180 34 73
180 22 109
180 22 64
180 22 131
180 20 134
180 23 105
180 53 60
180 29 73
180 36 147
180 29 85
180 59 55
180 49 92
180 56 54
180 25 18
180 56 37
180 61 34
180 54 35
185 37 68
185 8 116
185 44 62
185 32 85
185 23 109
185 59 97
185 37 148
185 40 80
185 35 151
185 31 68
185 34 65
185 19 110
185 17 105
185 17 138
185 34 73
185 52 93
185 23 105
185 29 85
185 54 60
185 24 60
185 56 52
185 21 58
185 29 73
185 58 53
185 12 116
185 54 32
185 57 33
185 61 35
190 40 80
190 46 62
190 22 55
190 29 85
190 57 62
190 9 119
190 17 105
190 24 136
190 19 110
190 61 98
190 31 68
190 34 65
190 26 56
190 39 152
190 32 85
190 34 73
190 19 140
190 23 109
190 23 105
190 37 69
190 14 119
190 55 93
190 29 73
190 36 153
190 58 49
190 56 49
190 58 30
190 61 35
190 55 28
195 40 80
195 29 85
195 29 73
195 45 62
195 17 105
195 34 73
195 31 68
195 34 65
195 16 121
195 20 143
195 27 54
195 32 85
195 19 110
195 41 155
195 23 109
195 38 156
195 23 105
195 58 62
195 11 122
195 57 94
195 24 51
195 37 69
195 59 26
195 61 35
195 56 24
195 55 46
